48106
73348
163201
42768
106006
105982
27168
11319
3551
48608
15835
66406
134097
47672
39153
105897
115863
77760
41802
48031
50016
61567
105988
42772
10399
27167
73347
7148
136346
47653
110335
52086
49765
70684
48027
65348
47652
5018
40895
36218
15997
73466
4869
14070
141345
64904
51695
73346
65347
24303
47529
51059
49669
70686
47673
74045
78029
65351
88310
50152
50406
13361
49097
101535
41187
27287
27166
102603
56302
40437
3535
7136
38321
49855
63717
110466
58177
49317
13501
47530
35381
28233
88393
67016
56113
27165
70310
65350
49189
108577
43151
7133
108009
67894
95138
35661
1631
102910
74281
105978
14538
113094
49141
66405
7552
6717
7553
162648
78197
39917
38757
77069
80086
15898
81146
101526
36114
7558
20819
49557
27323
163522
42819
24332
65251
56209
67172
66525
52739
96681
27317
49965
65352
14879
63231
40356
36098
73016
131167
27213
68228
157669
80689
50553
27468
78851
7571
48355
74155
49038
48961
7849
76547
127361
82654
56525
75623
50646
119925
60832
7176
90882
150012
4509
79183
76408
142214
56528
106411
106412
102150
121341
50136
89742
23674
28232
75593
67906
74706
4625
7554
100773
99349
103277
56529
66348
73876
130384
78296
61332
48787
82088
54649
89578
66555
34674
2904
94785
67296
90842
36116
65175
34702
68883
14769
94534
55371
99973
13055
75539
28108
58552
74623
40449
136348
56049
54044
119902
50507
68280
77120
109171
49506
57790
97415
49837
42753
84629
102622
54612
56147
102605
50601
14804
67284
63135
65345
83822
90825
40702
88856
94429
82265
7317
74042
102773
39820
56090
109935
22962
89419
82067
52497
15798
41452
6466
81991
5069
81024
80820
73212
22033
4798
1545
7597
67336
56099
83850
49274
89564
106409
11617
4648
50683
49236
143496
3025
28814
44282
82659
22565
10375
119903
43776
82000
27970
45759
40696
72108
19358
52736
23611
81462
119883
14805
49820
55993
127258
106414
7134
65227
35426
113764
27288
40455
3702
14637
52552
36000
81387
26944
90913
63219
36016
40708
12802
113085
28957
106423
22048
58951
20818
58240
48632
56040
52691
79602
48626
22215
45549
119913
122922
81212
40746
40072
41388
7316
66622
45818
56542
50622
43828
113742
21377
56530
120713
14793
83476
6151
52804
12575
51347
89735
40120
34561
38614
10401
61533
22884
23677
66393
73182
89231
22745
56566
77269
99989
83270
63648
68322
61039
40749
58889
88951
27850
27154
113767
68745
99329
38139
27063
58086
5517
74729
99990
83593
109768
58899
78580
53444
94290
27492
39692
81829
82726
26743
40909
3437
22707
10500
27097
105433
122927
44563
112188
75314
29109
127265
5030
50129
41098
63684
41743
66415
56146
66007
58686
106410
89090
40613
84709
119901
3888
40890
67887
38734
94430
55643
65845
66708
97023
5259
75605
28855
67293
66564
75541
39973
37786
83237
36672
46198
49884
138584
47104
52501
83105
4899
102554
20162
9392
11765
50627
96999
136976
4862
45776
142478
112362
44544
2600
44396
56494
23792
82875
23094
10403
106418
70529
28184
102841
5203
20446
55415
53474
106417
66637
12607
55694
50660
61205
22431
53980
83115
36210
22466
81592
81400
55367
56145
15788
60931
9422
78848
81135
122916
45853
122932
79003
55989
